Start: 00:00:00.000000000 End: ???          Title: Prologue
Start: 00:04:38.028000000 End: ???          Title: Part A
Start: 00:13:29.017000000 End: ???          Title: Part B
Start: 00:22:04.992000000 End: ???          Title: Ending
